0.417	-0.417	0.454	-0.785398163397448	0	0	0	0	0	0	0	0	9.81	0.3	0.3	0.3	0.3	0.3	0.3	0.3	0.3	0.3	0.3	0.3	0.3	0.3	0.3	0.3	0.3	0	0	0	0	0	0	0	0	0	0	0	0	0	0	0	0
0.417	-0.416999469437436	0.454	-0.785398163397448	0	0	0	0.000158849538048	0	0	0	0	9.81	0.3	0.3	0.3	0.3	0.3	0.3	0.3	0.3	0.3	0.3	0.3	0.3	0.3	0.3	0.3	0.3	0	0	0	0	0	0	0	0	0	0	0	0	0	0	0	0
0.417	-0.416995780996989	0.454	-0.785398163397448	0	0	0	0.000630304800768	0	0	0	0	9.81	0.3	0.3	0.3	0.3	0.3	0.3	0.3	0.3	0.3	0.3	0.3	0.3	0.3	0.3	0.3	0.3	0	0	0	0	0	0	0	0	0	0	0	0	0	0	0	0
0.417	-0.416985846642205	0.454	-0.785398163397448	0	0	0	0.001406771877888	0	0	0	0	9.81	0.3	0.3	0.3	0.3	0.3	0.3	0.3	0.3	0.3	0.3	0.3	0.3	0.3	0.3	0.3	0.3	0	0	0	0	0	0	0	0	0	0	0	0	0	0	0	0
0.417	-0.416966653968286	0.454	-0.785398163397448	0	0	0	0.002480718348288	0	0	0	0	9.81	0.3	0.3	0.3	0.3	0.3	0.3	0.3	0.3	0.3	0.3	0.3	0.3	0.3	0.3	0.3	0.3	0	0	0	0	0	0	0	0	0	0	0	0	0	0	0	0
0.417	-0.4169352655872	0.454	-0.785398163397448	0	0	0	0.00384467328	0	0	0	0	9.81	0.3	0.3	0.3	0.3	0.3	0.3	0.3	0.3	0.3	0.3	0.3	0.3	0.3	0.3	0.3	0.3	0	0	0	0	0	0	0	0	0	0	0	0	0	0	0	0
0.417	-0.416888818512789	0.454	-0.785398163397448	0	0	0	0.005491227230208	0	0	0	0	9.81	0.3	0.3	0.3	0.3	0.3	0.3	0.3	0.3	0.3	0.3	0.3	0.3	0.3	0.3	0.3	0.3	0	0	0	0	0	0	0	0	0	0	0	0	0	0	0	0
0.417	-0.416824523545879	0.454	-0.785398163397448	0	0	0	0.007413032245248	0	0	0	0	9.81	0.3	0.3	0.3	0.3	0.3	0.3	0.3	0.3	0.3	0.3	0.3	0.3	0.3	0.3	0.3	0.3	0	0	0	0	0	0	0	0	0	0	0	0	0	0	0	0
0.417	-0.416739664659382	0.454	-0.785398163397448	0	0	0	0.009602801860608	0	0	0	0	9.81	0.3	0.3	0.3	0.3	0.3	0.3	0.3	0.3	0.3	0.3	0.3	0.3	0.3	0.3	0.3	0.3	0	0	0	0	0	0	0	0	0	0	0	0	0	0	0	0
0.417	-0.416631598383415	0.454	-0.785398163397448	0	0	0	0.012053311100928	0	0	0	0	9.81	0.3	0.3	0.3	0.3	0.3	0.3	0.3	0.3	0.3	0.3	0.3	0.3	0.3	0.3	0.3	0.3	0	0	0	0	0	0	0	0	0	0	0	0	0	0	0	0
0.417	-0.4164977531904	0.454	-0.785398163397448	0	0	0	0.01475739648	0	0	0	0	9.81	0.3	0.3	0.3	0.3	0.3	0.3	0.3	0.3	0.3	0.3	0.3	0.3	0.3	0.3	0.3	0.3	0	0	0	0	0	0	0	0	0	0	0	0	0	0	0	0
0.417	-0.416335628880175	0.454	-0.785398163397448	0	0	0	0.017707956000768	0	0	0	0	9.81	0.3	0.3	0.3	0.3	0.3	0.3	0.3	0.3	0.3	0.3	0.3	0.3	0.3	0.3	0.3	0.3	0	0	0	0	0	0	0	0	0	0	0	0	0	0	0	0
0.417	-0.416142795965104	0.454	-0.785398163397448	0	0	0	0.020897949155328	0	0	0	0	9.81	0.3	0.3	0.3	0.3	0.3	0.3	0.3	0.3	0.3	0.3	0.3	0.3	0.3	0.3	0.3	0.3	0	0	0	0	0	0	0	0	0	0	0	0	0	0	0	0
0.417	-0.415916895055184	0.454	-0.785398163397448	0	0	0	0.024320396924928	0	0	0	0	9.81	0.3	0.3	0.3	0.3	0.3	0.3	0.3	0.3	0.3	0.3	0.3	0.3	0.3	0.3	0.3	0.3	0	0	0	0	0	0	0	0	0	0	0	0	0	0	0	0
0.417	-0.415655636243153	0.454	-0.785398163397448	0	0	0	0.027968381779968	0	0	0	0	9.81	0.3	0.3	0.3	0.3	0.3	0.3	0.3	0.3	0.3	0.3	0.3	0.3	0.3	0.3	0.3	0.3	0	0	0	0	0	0	0	0	0	0	0	0	0	0	0	0
0.417	-0.4153567984896	0.454	-0.785398163397448	0	0	0	0.03183504768	0	0	0	0	9.81	0.3	0.3	0.3	0.3	0.3	0.3	0.3	0.3	0.3	0.3	0.3	0.3	0.3	0.3	0.3	0.3	0	0	0	0	0	0	0	0	0	0	0	0	0	0	0	0
0.417	-0.415018229008073	0.454	-0.785398163397448	0	0	0	0.035913600073728	0	0	0	0	9.81	0.3	0.3	0.3	0.3	0.3	0.3	0.3	0.3	0.3	0.3	0.3	0.3	0.3	0.3	0.3	0.3	0	0	0	0	0	0	0	0	0	0	0	0	0	0	0	0
0.417	-0.414637842650186	0.454	-0.785398163397448	0	0	0	0.040197305899008	0	0	0	0	9.81	0.3	0.3	0.3	0.3	0.3	0.3	0.3	0.3	0.3	0.3	0.3	0.3	0.3	0.3	0.3	0.3	0	0	0	0	0	0	0	0	0	0	0	0	0	0	0	0
0.417	-0.414213621290729	0.454	-0.785398163397448	0	0	0	0.044679493582848	0	0	0	0	9.81	0.3	0.3	0.3	0.3	0.3	0.3	0.3	0.3	0.3	0.3	0.3	0.3	0.3	0.3	0.3	0.3	0	0	0	0	0	0	0	0	0	0	0	0	0	0	0	0
0.417	-0.413743613212778	0.454	-0.785398163397448	0	0	0	0.049353553041408	0	0	0	0	9.81	0.3	0.3	0.3	0.3	0.3	0.3	0.3	0.3	0.3	0.3	0.3	0.3	0.3	0.3	0.3	0.3	0	0	0	0	0	0	0	0	0	0	0	0	0	0	0	0
0.417	-0.4132259324928	0.454	-0.785398163397448	0	0	0	0.05421293568	0	0	0	0	9.81	0.3	0.3	0.3	0.3	0.3	0.3	0.3	0.3	0.3	0.3	0.3	0.3	0.3	0.3	0.3	0.3	0	0	0	0	0	0	0	0	0	0	0	0	0	0	0	0
0.417	-0.412658758385762	0.454	-0.785398163397448	0	0	0	0.059251154393088	0	0	0	0	9.81	0.3	0.3	0.3	0.3	0.3	0.3	0.3	0.3	0.3	0.3	0.3	0.3	0.3	0.3	0.3	0.3	0	0	0	0	0	0	0	0	0	0	0	0	0	0	0	0
0.417	-0.412040334710243	0.454	-0.785398163397448	0	0	0	0.064461783564288	0	0	0	0	9.81	0.3	0.3	0.3	0.3	0.3	0.3	0.3	0.3	0.3	0.3	0.3	0.3	0.3	0.3	0.3	0.3	0	0	0	0	0	0	0	0	0	0	0	0	0	0	0	0
0.417	-0.411368969233539	0.454	-0.785398163397448	0	0	0	0.069838459066368	0	0	0	0	9.81	0.3	0.3	0.3	0.3	0.3	0.3	0.3	0.3	0.3	0.3	0.3	0.3	0.3	0.3	0.3	0.3	0	0	0	0	0	0	0	0	0	0	0	0	0	0	0	0
0.417	-0.410643033056772	0.454	-0.785398163397448	0	0	0	0.075374878261248	0	0	0	0	9.81	0.3	0.3	0.3	0.3	0.3	0.3	0.3	0.3	0.3	0.3	0.3	0.3	0.3	0.3	0.3	0.3	0	0	0	0	0	0	0	0	0	0	0	0	0	0	0	0
0.417	-0.40986096	0.454	-0.785398163397448	0	0	0	0.0810648	0	0	0	0	9.81	0.3	0.3	0.3	0.3	0.3	0.3	0.3	0.3	0.3	0.3	0.3	0.3	0.3	0.3	0.3	0.3	0	0	0	0	0	0	0	0	0	0	0	0	0	0	0	0
0.417	-0.409021245987324	0.454	-0.785398163397448	0	0	0	0.086902044622848	0	0	0	0	9.81	0.3	0.3	0.3	0.3	0.3	0.3	0.3	0.3	0.3	0.3	0.3	0.3	0.3	0.3	0.3	0.3	0	0	0	0	0	0	0	0	0	0	0	0	0	0	0	0
0.417	-0.408122448431997	0.454	-0.785398163397448	0	0	0	0.092880493959168	0	0	0	0	9.81	0.3	0.3	0.3	0.3	0.3	0.3	0.3	0.3	0.3	0.3	0.3	0.3	0.3	0.3	0.3	0.3	0	0	0	0	0	0	0	0	0	0	0	0	0	0	0	0
0.417	-0.407163185621533	0.454	-0.785398163397448	0	0	0	0.098994091327488	0	0	0	0	9.81	0.3	0.3	0.3	0.3	0.3	0.3	0.3	0.3	0.3	0.3	0.3	0.3	0.3	0.3	0.3	0.3	0	0	0	0	0	0	0	0	0	0	0	0	0	0	0	0
0.417	-0.406142136102814	0.454	-0.785398163397448	0	0	0	0.105236841535488	0	0	0	0	9.81	0.3	0.3	0.3	0.3	0.3	0.3	0.3	0.3	0.3	0.3	0.3	0.3	0.3	0.3	0.3	0.3	0	0	0	0	0	0	0	0	0	0	0	0	0	0	0	0
0.417	-0.4050580380672	0.454	-0.785398163397448	0	0	0	0.11160281088	0	0	0	0	9.81	0.3	0.3	0.3	0.3	0.3	0.3	0.3	0.3	0.3	0.3	0.3	0.3	0.3	0.3	0.3	0.3	0	0	0	0	0	0	0	0	0	0	0	0	0	0	0	0
0.417	-0.403909688735637	0.454	-0.785398163397448	0	0	0	0.118086127147008	0	0	0	0	9.81	0.3	0.3	0.3	0.3	0.3	0.3	0.3	0.3	0.3	0.3	0.3	0.3	0.3	0.3	0.3	0.3	0	0	0	0	0	0	0	0	0	0	0	0	0	0	0	0
0.417	-0.402695943743766	0.454	-0.785398163397448	0	0	0	0.124680979611648	0	0	0	0	9.81	0.3	0.3	0.3	0.3	0.3	0.3	0.3	0.3	0.3	0.3	0.3	0.3	0.3	0.3	0.3	0.3	0	0	0	0	0	0	0	0	0	0	0	0	0	0	0	0
0.417	-0.40141571652703	0.454	-0.785398163397448	0	0	0	0.131381619038208	0	0	0	0	9.81	0.3	0.3	0.3	0.3	0.3	0.3	0.3	0.3	0.3	0.3	0.3	0.3	0.3	0.3	0.3	0.3	0	0	0	0	0	0	0	0	0	0	0	0	0	0	0	0
0.417	-0.400067977705783	0.454	-0.785398163397448	0	0	0	0.138182357680128	0	0	0	0	9.81	0.3	0.3	0.3	0.3	0.3	0.3	0.3	0.3	0.3	0.3	0.3	0.3	0.3	0.3	0.3	0.3	0	0	0	0	0	0	0	0	0	0	0	0	0	0	0	0
0.417	-0.3986517544704	0.454	-0.785398163397448	0	0	0	0.14507756928	0	0	0	0	9.81	0.3	0.3	0.3	0.3	0.3	0.3	0.3	0.3	0.3	0.3	0.3	0.3	0.3	0.3	0.3	0.3	0	0	0	0	0	0	0	0	0	0	0	0	0	0	0	0
0.417	-0.397166129966383	0.454	-0.785398163397448	0	0	0	0.152061689069568	0	0	0	0	9.81	0.3	0.3	0.3	0.3	0.3	0.3	0.3	0.3	0.3	0.3	0.3	0.3	0.3	0.3	0.3	0.3	0	0	0	0	0	0	0	0	0	0	0	0	0	0	0	0
0.417	-0.395610242679472	0.454	-0.785398163397448	0	0	0	0.159129213769728	0	0	0	0	9.81	0.3	0.3	0.3	0.3	0.3	0.3	0.3	0.3	0.3	0.3	0.3	0.3	0.3	0.3	0.3	0.3	0	0	0	0	0	0	0	0	0	0	0	0	0	0	0	0
0.417	-0.393983285820752	0.454	-0.785398163397448	0	0	0	0.166274701590528	0	0	0	0	9.81	0.3	0.3	0.3	0.3	0.3	0.3	0.3	0.3	0.3	0.3	0.3	0.3	0.3	0.3	0.3	0.3	0	0	0	0	0	0	0	0	0	0	0	0	0	0	0	0
0.417	-0.392284506711761	0.454	-0.785398163397448	0	0	0	0.173492772231168	0	0	0	0	9.81	0.3	0.3	0.3	0.3	0.3	0.3	0.3	0.3	0.3	0.3	0.3	0.3	0.3	0.3	0.3	0.3	0	0	0	0	0	0	0	0	0	0	0	0	0	0	0	0
0.417	-0.3905132061696	0.454	-0.785398163397448	0	0	0	0.18077810688	0	0	0	0	9.81	0.3	0.3	0.3	0.3	0.3	0.3	0.3	0.3	0.3	0.3	0.3	0.3	0.3	0.3	0.3	0.3	0	0	0	0	0	0	0	0	0	0	0	0	0	0	0	0
0.417	-0.388668737892041	0.454	-0.785398163397448	0	0	0	0.188125448214528	0	0	0	0	9.81	0.3	0.3	0.3	0.3	0.3	0.3	0.3	0.3	0.3	0.3	0.3	0.3	0.3	0.3	0.3	0.3	0	0	0	0	0	0	0	0	0	0	0	0	0	0	0	0
0.417	-0.386750507842634	0.454	-0.785398163397448	0	0	0	0.195529600401408	0	0	0	0	9.81	0.3	0.3	0.3	0.3	0.3	0.3	0.3	0.3	0.3	0.3	0.3	0.3	0.3	0.3	0.3	0.3	0	0	0	0	0	0	0	0	0	0	0	0	0	0	0	0
0.417	-0.384757973635817	0.454	-0.785398163397448	0	0	0	0.202985429096448	0	0	0	0	9.81	0.3	0.3	0.3	0.3	0.3	0.3	0.3	0.3	0.3	0.3	0.3	0.3	0.3	0.3	0.3	0.3	0	0	0	0	0	0	0	0	0	0	0	0	0	0	0	0
0.417	-0.382690643922026	0.454	-0.785398163397448	0	0	0	0.210487861444608	0	0	0	0	9.81	0.3	0.3	0.3	0.3	0.3	0.3	0.3	0.3	0.3	0.3	0.3	0.3	0.3	0.3	0.3	0.3	0	0	0	0	0	0	0	0	0	0	0	0	0	0	0	0
0.417	-0.3805480777728	0.454	-0.785398163397448	0	0	0	0.21803188608	0	0	0	0	9.81	0.3	0.3	0.3	0.3	0.3	0.3	0.3	0.3	0.3	0.3	0.3	0.3	0.3	0.3	0.3	0.3	0	0	0	0	0	0	0	0	0	0	0	0	0	0	0	0
0.417	-0.37832988406589	0.454	-0.785398163397448	0	0	0	0.225612553125888	0	0	0	0	9.81	0.3	0.3	0.3	0.3	0.3	0.3	0.3	0.3	0.3	0.3	0.3	0.3	0.3	0.3	0.3	0.3	0	0	0	0	0	0	0	0	0	0	0	0	0	0	0	0
0.417	-0.376035720870371	0.454	-0.785398163397448	0	0	0	0.233224974194688	0	0	0	0	9.81	0.3	0.3	0.3	0.3	0.3	0.3	0.3	0.3	0.3	0.3	0.3	0.3	0.3	0.3	0.3	0.3	0	0	0	0	0	0	0	0	0	0	0	0	0	0	0	0
0.417	-0.373665294831747	0.454	-0.785398163397448	0	0	0	0.240864322387968	0	0	0	0	9.81	0.3	0.3	0.3	0.3	0.3	0.3	0.3	0.3	0.3	0.3	0.3	0.3	0.3	0.3	0.3	0.3	0	0	0	0	0	0	0	0	0	0	0	0	0	0	0	0
0.417	-0.37121836055706	0.454	-0.785398163397448	0	0	0	0.248525832296448	0	0	0	0	9.81	0.3	0.3	0.3	0.3	0.3	0.3	0.3	0.3	0.3	0.3	0.3	0.3	0.3	0.3	0.3	0.3	0	0	0	0	0	0	0	0	0	0	0	0	0	0	0	0
0.417	-0.36869472	0.454	-0.785398163397448	0	0	0	0.2562048	0	0	0	0	9.81	0.3	0.3	0.3	0.3	0.3	0.3	0.3	0.3	0.3	0.3	0.3	0.3	0.3	0.3	0.3	0.3	0	0	0	0	0	0	0	0	0	0	0	0	0	0	0	0
0.417	-0.366094221846012	0.454	-0.785398163397448	0	0	0	0.263896583067648	0	0	0	0	9.81	0.3	0.3	0.3	0.3	0.3	0.3	0.3	0.3	0.3	0.3	0.3	0.3	0.3	0.3	0.3	0.3	0	0	0	0	0	0	0	0	0	0	0	0	0	0	0	0
0.417	-0.363416760897405	0.454	-0.785398163397448	0	0	0	0.271596600557568	0	0	0	0	9.81	0.3	0.3	0.3	0.3	0.3	0.3	0.3	0.3	0.3	0.3	0.3	0.3	0.3	0.3	0.3	0.3	0	0	0	0	0	0	0	0	0	0	0	0	0	0	0	0
0.417	-0.360662277458461	0.454	-0.785398163397448	0	0	0	0.279300333017088	0	0	0	0	9.81	0.3	0.3	0.3	0.3	0.3	0.3	0.3	0.3	0.3	0.3	0.3	0.3	0.3	0.3	0.3	0.3	0	0	0	0	0	0	0	0	0	0	0	0	0	0	0	0
0.417	-0.357830756720542	0.454	-0.785398163397448	0	0	0	0.287003322482688	0	0	0	0	9.81	0.3	0.3	0.3	0.3	0.3	0.3	0.3	0.3	0.3	0.3	0.3	0.3	0.3	0.3	0.3	0.3	0	0	0	0	0	0	0	0	0	0	0	0	0	0	0	0
0.417	-0.3549222281472	0.454	-0.785398163397448	0	0	0	0.29470117248	0	0	0	0	9.81	0.3	0.3	0.3	0.3	0.3	0.3	0.3	0.3	0.3	0.3	0.3	0.3	0.3	0.3	0.3	0.3	0	0	0	0	0	0	0	0	0	0	0	0	0	0	0	0
0.417	-0.351936764859285	0.454	-0.785398163397448	0	0	0	0.302389548023808	0	0	0	0	9.81	0.3	0.3	0.3	0.3	0.3	0.3	0.3	0.3	0.3	0.3	0.3	0.3	0.3	0.3	0.3	0.3	0	0	0	0	0	0	0	0	0	0	0	0	0	0	0	0
0.417	-0.348874483020055	0.454	-0.785398163397448	0	0	0	0.310064175618048	0	0	0	0	9.81	0.3	0.3	0.3	0.3	0.3	0.3	0.3	0.3	0.3	0.3	0.3	0.3	0.3	0.3	0.3	0.3	0	0	0	0	0	0	0	0	0	0	0	0	0	0	0	0
0.417	-0.345735541220278	0.454	-0.785398163397448	0	0	0	0.317720843255808	0	0	0	0	9.81	0.3	0.3	0.3	0.3	0.3	0.3	0.3	0.3	0.3	0.3	0.3	0.3	0.3	0.3	0.3	0.3	0	0	0	0	0	0	0	0	0	0	0	0	0	0	0	0
0.417	-0.342520139863351	0.454	-0.785398163397448	0	0	0	0.325355400419328	0	0	0	0	9.81	0.3	0.3	0.3	0.3	0.3	0.3	0.3	0.3	0.3	0.3	0.3	0.3	0.3	0.3	0.3	0.3	0	0	0	0	0	0	0	0	0	0	0	0	0	0	0	0
0.417	-0.3392285205504	0.454	-0.785398163397448	0	0	0	0.33296375808	0	0	0	0	9.81	0.3	0.3	0.3	0.3	0.3	0.3	0.3	0.3	0.3	0.3	0.3	0.3	0.3	0.3	0.3	0.3	0	0	0	0	0	0	0	0	0	0	0	0	0	0	0	0
0.417	-0.335860965465391	0.454	-0.785398163397448	0	0	0	0.340541888698368	0	0	0	0	9.81	0.3	0.3	0.3	0.3	0.3	0.3	0.3	0.3	0.3	0.3	0.3	0.3	0.3	0.3	0.3	0.3	0	0	0	0	0	0	0	0	0	0	0	0	0	0	0	0
0.417	-0.33241779676024	0.454	-0.785398163397448	0	0	0	0.348085826224128	0	0	0	0	9.81	0.3	0.3	0.3	0.3	0.3	0.3	0.3	0.3	0.3	0.3	0.3	0.3	0.3	0.3	0.3	0.3	0	0	0	0	0	0	0	0	0	0	0	0	0	0	0	0
0.417	-0.32889937593992	0.454	-0.785398163397448	0	0	0	0.355591666096128	0	0	0	0	9.81	0.3	0.3	0.3	0.3	0.3	0.3	0.3	0.3	0.3	0.3	0.3	0.3	0.3	0.3	0.3	0.3	0	0	0	0	0	0	0	0	0	0	0	0	0	0	0	0
0.417	-0.325306103247569	0.454	-0.785398163397448	0	0	0	0.363055565242368	0	0	0	0	9.81	0.3	0.3	0.3	0.3	0.3	0.3	0.3	0.3	0.3	0.3	0.3	0.3	0.3	0.3	0.3	0.3	0	0	0	0	0	0	0	0	0	0	0	0	0	0	0	0
0.417	-0.3216384170496	0.454	-0.785398163397448	0	0	0	0.37047374208	0	0	0	0	9.81	0.3	0.3	0.3	0.3	0.3	0.3	0.3	0.3	0.3	0.3	0.3	0.3	0.3	0.3	0.3	0.3	0	0	0	0	0	0	0	0	0	0	0	0	0	0	0	0
0.417	-0.317896793220809	0.454	-0.785398163397448	0	0	0	0.377842476515328	0	0	0	0	9.81	0.3	0.3	0.3	0.3	0.3	0.3	0.3	0.3	0.3	0.3	0.3	0.3	0.3	0.3	0.3	0.3	0	0	0	0	0	0	0	0	0	0	0	0	0	0	0	0
0.417	-0.314081744529482	0.454	-0.785398163397448	0	0	0	0.385158109943808	0	0	0	0	9.81	0.3	0.3	0.3	0.3	0.3	0.3	0.3	0.3	0.3	0.3	0.3	0.3	0.3	0.3	0.3	0.3	0	0	0	0	0	0	0	0	0	0	0	0	0	0	0	0
0.417	-0.310193820022505	0.454	-0.785398163397448	0	0	0	0.392417045250048	0	0	0	0	9.81	0.3	0.3	0.3	0.3	0.3	0.3	0.3	0.3	0.3	0.3	0.3	0.3	0.3	0.3	0.3	0.3	0	0	0	0	0	0	0	0	0	0	0	0	0	0	0	0
0.417	-0.306233604410474	0.454	-0.785398163397448	0	0	0	0.399615746807808	0	0	0	0	9.81	0.3	0.3	0.3	0.3	0.3	0.3	0.3	0.3	0.3	0.3	0.3	0.3	0.3	0.3	0.3	0.3	0	0	0	0	0	0	0	0	0	0	0	0	0	0	0	0
0.417	-0.3022017174528	0.454	-0.785398163397448	0	0	0	0.40675074048	0	0	0	0	9.81	0.3	0.3	0.3	0.3	0.3	0.3	0.3	0.3	0.3	0.3	0.3	0.3	0.3	0.3	0.3	0.3	0	0	0	0	0	0	0	0	0	0	0	0	0	0	0	0
0.417	-0.298098813342818	0.454	-0.785398163397448	0	0	0	0.413818613618688	0	0	0	0	9.81	0.3	0.3	0.3	0.3	0.3	0.3	0.3	0.3	0.3	0.3	0.3	0.3	0.3	0.3	0.3	0.3	0	0	0	0	0	0	0	0	0	0	0	0	0	0	0	0
0.417	-0.293925580092899	0.454	-0.785398163397448	0	0	0	0.420816015065088	0	0	0	0	9.81	0.3	0.3	0.3	0.3	0.3	0.3	0.3	0.3	0.3	0.3	0.3	0.3	0.3	0.3	0.3	0.3	0	0	0	0	0	0	0	0	0	0	0	0	0	0	0	0
0.417	-0.289682738919555	0.454	-0.785398163397448	0	0	0	0.427739655149568	0	0	0	0	9.81	0.3	0.3	0.3	0.3	0.3	0.3	0.3	0.3	0.3	0.3	0.3	0.3	0.3	0.3	0.3	0.3	0	0	0	0	0	0	0	0	0	0	0	0	0	0	0	0
0.417	-0.285371043628548	0.454	-0.785398163397448	0	0	0	0.434586305691648	0	0	0	0	9.81	0.3	0.3	0.3	0.3	0.3	0.3	0.3	0.3	0.3	0.3	0.3	0.3	0.3	0.3	0.3	0.3	0	0	0	0	0	0	0	0	0	0	0	0	0	0	0	0
0.417	-0.28099128	0.454	-0.785398163397448	0	0	0	0.4413528	0	0	0	0	9.81	0.3	0.3	0.3	0.3	0.3	0.3	0.3	0.3	0.3	0.3	0.3	0.3	0.3	0.3	0.3	0.3	0	0	0	0	0	0	0	0	0	0	0	0	0	0	0	0
0.417	-0.2765442651735	0.454	-0.785398163397448	0	0	0	0.448036032872448	0	0	0	0	9.81	0.3	0.3	0.3	0.3	0.3	0.3	0.3	0.3	0.3	0.3	0.3	0.3	0.3	0.3	0.3	0.3	0	0	0	0	0	0	0	0	0	0	0	0	0	0	0	0
0.417	-0.272030847033213	0.454	-0.785398163397448	0	0	0	0.454632960595968	0	0	0	0	9.81	0.3	0.3	0.3	0.3	0.3	0.3	0.3	0.3	0.3	0.3	0.3	0.3	0.3	0.3	0.3	0.3	0	0	0	0	0	0	0	0	0	0	0	0	0	0	0	0
0.417	-0.267451903592989	0.454	-0.785398163397448	0	0	0	0.461140600946688	0	0	0	0	9.81	0.3	0.3	0.3	0.3	0.3	0.3	0.3	0.3	0.3	0.3	0.3	0.3	0.3	0.3	0.3	0.3	0	0	0	0	0	0	0	0	0	0	0	0	0	0	0	0
0.417	-0.26280834238147	0.454	-0.785398163397448	0	0	0	0.467556033189888	0	0	0	0	9.81	0.3	0.3	0.3	0.3	0.3	0.3	0.3	0.3	0.3	0.3	0.3	0.3	0.3	0.3	0.3	0.3	0	0	0	0	0	0	0	0	0	0	0	0	0	0	0	0
0.417	-0.2581010998272	0.454	-0.785398163397448	0	0	0	0.47387639808	0	0	0	0	9.81	0.3	0.3	0.3	0.3	0.3	0.3	0.3	0.3	0.3	0.3	0.3	0.3	0.3	0.3	0.3	0.3	0	0	0	0	0	0	0	0	0	0	0	0	0	0	0	0
0.417	-0.253331140643733	0.454	-0.785398163397448	0	0	0	0.480098897860608	0	0	0	0	9.81	0.3	0.3	0.3	0.3	0.3	0.3	0.3	0.3	0.3	0.3	0.3	0.3	0.3	0.3	0.3	0.3	0	0	0	0	0	0	0	0	0	0	0	0	0	0	0	0
0.417	-0.248499457214742	0.454	-0.785398163397448	0	0	0	0.486220796264448	0	0	0	0	9.81	0.3	0.3	0.3	0.3	0.3	0.3	0.3	0.3	0.3	0.3	0.3	0.3	0.3	0.3	0.3	0.3	0	0	0	0	0	0	0	0	0	0	0	0	0	0	0	0
0.417	-0.243607068979126	0.454	-0.785398163397448	0	0	0	0.492239418513408	0	0	0	0	9.81	0.3	0.3	0.3	0.3	0.3	0.3	0.3	0.3	0.3	0.3	0.3	0.3	0.3	0.3	0.3	0.3	0	0	0	0	0	0	0	0	0	0	0	0	0	0	0	0
0.417	-0.238655021816119	0.454	-0.785398163397448	0	0	0	0.498152151318528	0	0	0	0	9.81	0.3	0.3	0.3	0.3	0.3	0.3	0.3	0.3	0.3	0.3	0.3	0.3	0.3	0.3	0.3	0.3	0	0	0	0	0	0	0	0	0	0	0	0	0	0	0	0
0.417	-0.2336443874304	0.454	-0.785398163397448	0	0	0	0.50395644288	0	0	0	0	9.81	0.3	0.3	0.3	0.3	0.3	0.3	0.3	0.3	0.3	0.3	0.3	0.3	0.3	0.3	0.3	0.3	0	0	0	0	0	0	0	0	0	0	0	0	0	0	0	0
0.417	-0.228576262737199	0.454	-0.785398163397448	0	0	0	0.509649802887168	0	0	0	0	9.81	0.3	0.3	0.3	0.3	0.3	0.3	0.3	0.3	0.3	0.3	0.3	0.3	0.3	0.3	0.3	0.3	0	0	0	0	0	0	0	0	0	0	0	0	0	0	0	0
0.417	-0.223451769247408	0.454	-0.785398163397448	0	0	0	0.515229802518528	0	0	0	0	9.81	0.3	0.3	0.3	0.3	0.3	0.3	0.3	0.3	0.3	0.3	0.3	0.3	0.3	0.3	0.3	0.3	0	0	0	0	0	0	0	0	0	0	0	0	0	0	0	0
0.417	-0.218272052452688	0.454	-0.785398163397448	0	0	0	0.520694074441728	0	0	0	0	9.81	0.3	0.3	0.3	0.3	0.3	0.3	0.3	0.3	0.3	0.3	0.3	0.3	0.3	0.3	0.3	0.3	0	0	0	0	0	0	0	0	0	0	0	0	0	0	0	0
0.417	-0.213038281210577	0.454	-0.785398163397448	0	0	0	0.526040312813568	0	0	0	0	9.81	0.3	0.3	0.3	0.3	0.3	0.3	0.3	0.3	0.3	0.3	0.3	0.3	0.3	0.3	0.3	0.3	0	0	0	0	0	0	0	0	0	0	0	0	0	0	0	0
0.417	-0.2077516471296	0.454	-0.785398163397448	0	0	0	0.53126627328	0	0	0	0	9.81	0.3	0.3	0.3	0.3	0.3	0.3	0.3	0.3	0.3	0.3	0.3	0.3	0.3	0.3	0.3	0.3	0	0	0	0	0	0	0	0	0	0	0	0	0	0	0	0
0.417	-0.202413363954377	0.454	-0.785398163397448	0	0	0	0.536369772976128	0	0	0	0	9.81	0.3	0.3	0.3	0.3	0.3	0.3	0.3	0.3	0.3	0.3	0.3	0.3	0.3	0.3	0.3	0.3	0	0	0	0	0	0	0	0	0	0	0	0	0	0	0	0
0.417	-0.19702466695073	0.454	-0.785398163397448	0	0	0	0.541348690526208	0	0	0	0	9.81	0.3	0.3	0.3	0.3	0.3	0.3	0.3	0.3	0.3	0.3	0.3	0.3	0.3	0.3	0.3	0.3	0	0	0	0	0	0	0	0	0	0	0	0	0	0	0	0
0.417	-0.191586812290793	0.454	-0.785398163397448	0	0	0	0.546200966043648	0	0	0	0	9.81	0.3	0.3	0.3	0.3	0.3	0.3	0.3	0.3	0.3	0.3	0.3	0.3	0.3	0.3	0.3	0.3	0	0	0	0	0	0	0	0	0	0	0	0	0	0	0	0
0.417	-0.186101076438122	0.454	-0.785398163397448	0	0	0	0.550924601131008	0	0	0	0	9.81	0.3	0.3	0.3	0.3	0.3	0.3	0.3	0.3	0.3	0.3	0.3	0.3	0.3	0.3	0.3	0.3	0	0	0	0	0	0	0	0	0	0	0	0	0	0	0	0
0.417	-0.1805687555328	0.454	-0.785398163397448	0	0	0	0.55551765888	0	0	0	0	9.81	0.3	0.3	0.3	0.3	0.3	0.3	0.3	0.3	0.3	0.3	0.3	0.3	0.3	0.3	0.3	0.3	0	0	0	0	0	0	0	0	0	0	0	0	0	0	0	0
0.417	-0.174991164776546	0.454	-0.785398163397448	0	0	0	0.559978263871488	0	0	0	0	9.81	0.3	0.3	0.3	0.3	0.3	0.3	0.3	0.3	0.3	0.3	0.3	0.3	0.3	0.3	0.3	0.3	0	0	0	0	0	0	0	0	0	0	0	0	0	0	0	0
0.417	-0.169369637817827	0.454	-0.785398163397448	0	0	0	0.564304602175488	0	0	0	0	9.81	0.3	0.3	0.3	0.3	0.3	0.3	0.3	0.3	0.3	0.3	0.3	0.3	0.3	0.3	0.3	0.3	0	0	0	0	0	0	0	0	0	0	0	0	0	0	0	0
0.417	-0.163705526136963	0.454	-0.785398163397448	0	0	0	0.568494921351168	0	0	0	0	9.81	0.3	0.3	0.3	0.3	0.3	0.3	0.3	0.3	0.3	0.3	0.3	0.3	0.3	0.3	0.3	0.3	0	0	0	0	0	0	0	0	0	0	0	0	0	0	0	0
0.417	-0.158000198431236	0.454	-0.785398163397448	0	0	0	0.572547530446848	0	0	0	0	9.81	0.3	0.3	0.3	0.3	0.3	0.3	0.3	0.3	0.3	0.3	0.3	0.3	0.3	0.3	0.3	0.3	0	0	0	0	0	0	0	0	0	0	0	0	0	0	0	0
0.417	-0.15225504	0.454	-0.785398163397448	0	0	0	0.5764608	0	0	0	0	9.81	0.3	0.3	0.3	0.3	0.3	0.3	0.3	0.3	0.3	0.3	0.3	0.3	0.3	0.3	0.3	0.3	0	0	0	0	0	0	0	0	0	0	0	0	0	0	0	0
0.417	-0.146471452129788	0.454	-0.785398163397448	0	0	0	0.580233162037248	0	0	0	0	9.81	0.3	0.3	0.3	0.3	0.3	0.3	0.3	0.3	0.3	0.3	0.3	0.3	0.3	0.3	0.3	0.3	0	0	0	0	0	0	0	0	0	0	0	0	0	0	0	0
0.417	-0.140650851479421	0.454	-0.785398163397448	0	0	0	0.583863110074368	0	0	0	0	9.81	0.3	0.3	0.3	0.3	0.3	0.3	0.3	0.3	0.3	0.3	0.3	0.3	0.3	0.3	0.3	0.3	0	0	0	0	0	0	0	0	0	0	0	0	0	0	0	0
0.417	-0.134794669465117	0.454	-0.785398163397448	0	0	0	0.587349199116288	0	0	0	0	9.81	0.3	0.3	0.3	0.3	0.3	0.3	0.3	0.3	0.3	0.3	0.3	0.3	0.3	0.3	0.3	0.3	0	0	0	0	0	0	0	0	0	0	0	0	0	0	0	0
0.417	-0.128904351645598	0.454	-0.785398163397448	0	0	0	0.590690045657088	0	0	0	0	9.81	0.3	0.3	0.3	0.3	0.3	0.3	0.3	0.3	0.3	0.3	0.3	0.3	0.3	0.3	0.3	0.3	0	0	0	0	0	0	0	0	0	0	0	0	0	0	0	0
0.417	-0.1229813571072	0.454	-0.785398163397448	0	0	0	0.59388432768	0	0	0	0	9.81	0.3	0.3	0.3	0.3	0.3	0.3	0.3	0.3	0.3	0.3	0.3	0.3	0.3	0.3	0.3	0.3	0	0	0	0	0	0	0	0	0	0	0	0	0	0	0	0
0.417	-0.117027157848981	0.454	-0.785398163397448	0	0	0	0.596930784657408	0	0	0	0	9.81	0.3	0.3	0.3	0.3	0.3	0.3	0.3	0.3	0.3	0.3	0.3	0.3	0.3	0.3	0.3	0.3	0	0	0	0	0	0	0	0	0	0	0	0	0	0	0	0
0.417	-0.111043238167831	0.454	-0.785398163397448	0	0	0	0.599828217550848	0	0	0	0	9.81	0.3	0.3	0.3	0.3	0.3	0.3	0.3	0.3	0.3	0.3	0.3	0.3	0.3	0.3	0.3	0.3	0	0	0	0	0	0	0	0	0	0	0	0	0	0	0	0
0.417	-0.105031094043574	0.454	-0.785398163397448	0	0	0	0.602575488811008	0	0	0	0	9.81	0.3	0.3	0.3	0.3	0.3	0.3	0.3	0.3	0.3	0.3	0.3	0.3	0.3	0.3	0.3	0.3	0	0	0	0	0	0	0	0	0	0	0	0	0	0	0	0
0.417	-0.0989922325240872	0.454	-0.785398163397448	0	0	0	0.605171522377728	0	0	0	0	9.81	0.3	0.3	0.3	0.3	0.3	0.3	0.3	0.3	0.3	0.3	0.3	0.3	0.3	0.3	0.3	0.3	0	0	0	0	0	0	0	0	0	0	0	0	0	0	0	0
0.417	-0.0929281711104	0.454	-0.785398163397448	0	0	0	0.60761530368	0	0	0	0	9.81	0.3	0.3	0.3	0.3	0.3	0.3	0.3	0.3	0.3	0.3	0.3	0.3	0.3	0.3	0.3	0.3	0	0	0	0	0	0	0	0	0	0	0	0	0	0	0	0
0.417	-0.086840437141807	0.454	-0.785398163397448	0	0	0	0.609905879635968	0	0	0	0	9.81	0.3	0.3	0.3	0.3	0.3	0.3	0.3	0.3	0.3	0.3	0.3	0.3	0.3	0.3	0.3	0.3	0	0	0	0	0	0	0	0	0	0	0	0	0	0	0	0
0.417	-0.080730567180976	0.454	-0.785398163397448	0	0	0	0.612042358652928	0	0	0	0	9.81	0.3	0.3	0.3	0.3	0.3	0.3	0.3	0.3	0.3	0.3	0.3	0.3	0.3	0.3	0.3	0.3	0	0	0	0	0	0	0	0	0	0	0	0	0	0	0	0
0.417	-0.0746001063990557	0.454	-0.785398163397448	0	0	0	0.614023910627328	0	0	0	0	9.81	0.3	0.3	0.3	0.3	0.3	0.3	0.3	0.3	0.3	0.3	0.3	0.3	0.3	0.3	0.3	0.3	0	0	0	0	0	0	0	0	0	0	0	0	0	0	0	0
0.417	-0.0684506079607849	0.454	-0.785398163397448	0	0	0	0.615849766944768	0	0	0	0	9.81	0.3	0.3	0.3	0.3	0.3	0.3	0.3	0.3	0.3	0.3	0.3	0.3	0.3	0.3	0.3	0.3	0	0	0	0	0	0	0	0	0	0	0	0	0	0	0	0
0.417	-0.0622836324095999	0.454	-0.785398163397448	0	0	0	0.61751922048	0	0	0	0	9.81	0.3	0.3	0.3	0.3	0.3	0.3	0.3	0.3	0.3	0.3	0.3	0.3	0.3	0.3	0.3	0.3	0	0	0	0	0	0	0	0	0	0	0	0	0	0	0	0
0.417	-0.0561007470527448	0.454	-0.785398163397448	0	0	0	0.619031625596928	0	0	0	0	9.81	0.3	0.3	0.3	0.3	0.3	0.3	0.3	0.3	0.3	0.3	0.3	0.3	0.3	0.3	0.3	0.3	0	0	0	0	0	0	0	0	0	0	0	0	0	0	0	0
0.417	-0.0499035253463778	0.454	-0.785398163397448	0	0	0	0.620386398148608	0	0	0	0	9.81	0.3	0.3	0.3	0.3	0.3	0.3	0.3	0.3	0.3	0.3	0.3	0.3	0.3	0.3	0.3	0.3	0	0	0	0	0	0	0	0	0	0	0	0	0	0	0	0
0.417	-0.0436935462806815	0.454	-0.785398163397448	0	0	0	0.621583015477248	0	0	0	0	9.81	0.3	0.3	0.3	0.3	0.3	0.3	0.3	0.3	0.3	0.3	0.3	0.3	0.3	0.3	0.3	0.3	0	0	0	0	0	0	0	0	0	0	0	0	0	0	0	0
0.417	-0.0374723937649706	0.454	-0.785398163397448	0	0	0	0.622621016414208	0	0	0	0	9.81	0.3	0.3	0.3	0.3	0.3	0.3	0.3	0.3	0.3	0.3	0.3	0.3	0.3	0.3	0.3	0.3	0	0	0	0	0	0	0	0	0	0	0	0	0	0	0	0
0.417	-0.0312416560128	0.454	-0.785398163397448	0	0	0	0.62350000128	0	0	0	0	9.81	0.3	0.3	0.3	0.3	0.3	0.3	0.3	0.3	0.3	0.3	0.3	0.3	0.3	0.3	0.3	0.3	0	0	0	0	0	0	0	0	0	0	0	0	0	0	0	0
0.417	-0.0250029249270743	0.454	-0.785398163397448	0	0	0	0.624219631884288	0	0	0	0	9.81	0.3	0.3	0.3	0.3	0.3	0.3	0.3	0.3	0.3	0.3	0.3	0.3	0.3	0.3	0.3	0.3	0	0	0	0	0	0	0	0	0	0	0	0	0	0	0	0
0.417	-0.0187577954851553	0.454	-0.785398163397448	0	0	0	0.624779631525888	0	0	0	0	9.81	0.3	0.3	0.3	0.3	0.3	0.3	0.3	0.3	0.3	0.3	0.3	0.3	0.3	0.3	0.3	0.3	0	0	0	0	0	0	0	0	0	0	0	0	0	0	0	0
0.417	-0.0125078651239711	0.454	-0.785398163397448	0	0	0	0.625179784992768	0	0	0	0	9.81	0.3	0.3	0.3	0.3	0.3	0.3	0.3	0.3	0.3	0.3	0.3	0.3	0.3	0.3	0.3	0.3	0	0	0	0	0	0	0	0	0	0	0	0	0	0	0	0
0.417	-0.0062547331251242	0.454	-0.785398163397448	0	0	0	0.625419938562048	0	0	0	0	9.81	0.3	0.3	0.3	0.3	0.3	0.3	0.3	0.3	0.3	0.3	0.3	0.3	0.3	0.3	0.3	0.3	0	0	0	0	0	0	0	0	0	0	0	0	0	0	0	0
0.417	0	0.454	-0.785398163397448	0	0	0	0.6255	0	0	0	0	9.81	0.3	0.3	0.3	0.3	0.3	0.3	0.3	0.3	0.3	0.3	0.3	0.3	0.3	0.3	0.3	0.3	0	0	0	0	0	0	0	0	0	0	0	0	0	0	0	0
0.417	0.00625473312512409	0.454	-0.785398163397448	0	0	0	0.625419938562048	0	0	0	0	9.81	0.3	0.3	0.3	0.3	0.3	0.3	0.3	0.3	0.3	0.3	0.3	0.3	0.3	0.3	0.3	0.3	0	0	0	0	0	0	0	0	0	0	0	0	0	0	0	0
0.417	0.0125078651239711	0.454	-0.785398163397448	0	0	0	0.625179784992768	0	0	0	0	9.81	0.3	0.3	0.3	0.3	0.3	0.3	0.3	0.3	0.3	0.3	0.3	0.3	0.3	0.3	0.3	0.3	0	0	0	0	0	0	0	0	0	0	0	0	0	0	0	0
0.417	0.0187577954851553	0.454	-0.785398163397448	0	0	0	0.624779631525888	0	0	0	0	9.81	0.3	0.3	0.3	0.3	0.3	0.3	0.3	0.3	0.3	0.3	0.3	0.3	0.3	0.3	0.3	0.3	0	0	0	0	0	0	0	0	0	0	0	0	0	0	0	0
0.417	0.0250029249270743	0.454	-0.785398163397448	0	0	0	0.624219631884288	0	0	0	0	9.81	0.3	0.3	0.3	0.3	0.3	0.3	0.3	0.3	0.3	0.3	0.3	0.3	0.3	0.3	0.3	0.3	0	0	0	0	0	0	0	0	0	0	0	0	0	0	0	0
0.417	0.0312416560128	0.454	-0.785398163397448	0	0	0	0.623500001279999	0	0	0	0	9.81	0.3	0.3	0.3	0.3	0.3	0.3	0.3	0.3	0.3	0.3	0.3	0.3	0.3	0.3	0.3	0.3	0	0	0	0	0	0	0	0	0	0	0	0	0	0	0	0
0.417	0.0374723937649705	0.454	-0.785398163397448	0	0	0	0.622621016414208	0	0	0	0	9.81	0.3	0.3	0.3	0.3	0.3	0.3	0.3	0.3	0.3	0.3	0.3	0.3	0.3	0.3	0.3	0.3	0	0	0	0	0	0	0	0	0	0	0	0	0	0	0	0
0.417	0.0436935462806815	0.454	-0.785398163397448	0	0	0	0.621583015477248	0	0	0	0	9.81	0.3	0.3	0.3	0.3	0.3	0.3	0.3	0.3	0.3	0.3	0.3	0.3	0.3	0.3	0.3	0.3	0	0	0	0	0	0	0	0	0	0	0	0	0	0	0	0
0.417	0.0499035253463778	0.454	-0.785398163397448	0	0	0	0.620386398148608	0	0	0	0	9.81	0.3	0.3	0.3	0.3	0.3	0.3	0.3	0.3	0.3	0.3	0.3	0.3	0.3	0.3	0.3	0.3	0	0	0	0	0	0	0	0	0	0	0	0	0	0	0	0
0.417	0.0561007470527448	0.454	-0.785398163397448	0	0	0	0.619031625596928	0	0	0	0	9.81	0.3	0.3	0.3	0.3	0.3	0.3	0.3	0.3	0.3	0.3	0.3	0.3	0.3	0.3	0.3	0.3	0	0	0	0	0	0	0	0	0	0	0	0	0	0	0	0
0.417	0.0622836324095999	0.454	-0.785398163397448	0	0	0	0.61751922048	0	0	0	0	9.81	0.3	0.3	0.3	0.3	0.3	0.3	0.3	0.3	0.3	0.3	0.3	0.3	0.3	0.3	0.3	0.3	0	0	0	0	0	0	0	0	0	0	0	0	0	0	0	0
0.417	0.0684506079607848	0.454	-0.785398163397448	0	0	0	0.615849766944768	0	0	0	0	9.81	0.3	0.3	0.3	0.3	0.3	0.3	0.3	0.3	0.3	0.3	0.3	0.3	0.3	0.3	0.3	0.3	0	0	0	0	0	0	0	0	0	0	0	0	0	0	0	0
0.417	0.0746001063990558	0.454	-0.785398163397448	0	0	0	0.614023910627328	0	0	0	0	9.81	0.3	0.3	0.3	0.3	0.3	0.3	0.3	0.3	0.3	0.3	0.3	0.3	0.3	0.3	0.3	0.3	0	0	0	0	0	0	0	0	0	0	0	0	0	0	0	0
0.417	0.0807305671809759	0.454	-0.785398163397448	0	0	0	0.612042358652928	0	0	0	0	9.81	0.3	0.3	0.3	0.3	0.3	0.3	0.3	0.3	0.3	0.3	0.3	0.3	0.3	0.3	0.3	0.3	0	0	0	0	0	0	0	0	0	0	0	0	0	0	0	0
0.417	0.0868404371418069	0.454	-0.785398163397448	0	0	0	0.609905879635967	0	0	0	0	9.81	0.3	0.3	0.3	0.3	0.3	0.3	0.3	0.3	0.3	0.3	0.3	0.3	0.3	0.3	0.3	0.3	0	0	0	0	0	0	0	0	0	0	0	0	0	0	0	0
0.417	0.0929281711103999	0.454	-0.785398163397448	0	0	0	0.60761530368	0	0	0	0	9.81	0.3	0.3	0.3	0.3	0.3	0.3	0.3	0.3	0.3	0.3	0.3	0.3	0.3	0.3	0.3	0.3	0	0	0	0	0	0	0	0	0	0	0	0	0	0	0	0
0.417	0.0989922325240871	0.454	-0.785398163397448	0	0	0	0.605171522377728	0	0	0	0	9.81	0.3	0.3	0.3	0.3	0.3	0.3	0.3	0.3	0.3	0.3	0.3	0.3	0.3	0.3	0.3	0.3	0	0	0	0	0	0	0	0	0	0	0	0	0	0	0	0
0.417	0.105031094043574	0.454	-0.785398163397448	0	0	0	0.602575488811008	0	0	0	0	9.81	0.3	0.3	0.3	0.3	0.3	0.3	0.3	0.3	0.3	0.3	0.3	0.3	0.3	0.3	0.3	0.3	0	0	0	0	0	0	0	0	0	0	0	0	0	0	0	0
0.417	0.11104323816783	0.454	-0.785398163397448	0	0	0	0.599828217550847	0	0	0	0	9.81	0.3	0.3	0.3	0.3	0.3	0.3	0.3	0.3	0.3	0.3	0.3	0.3	0.3	0.3	0.3	0.3	0	0	0	0	0	0	0	0	0	0	0	0	0	0	0	0
0.417	0.117027157848981	0.454	-0.785398163397448	0	0	0	0.596930784657408	0	0	0	0	9.81	0.3	0.3	0.3	0.3	0.3	0.3	0.3	0.3	0.3	0.3	0.3	0.3	0.3	0.3	0.3	0.3	0	0	0	0	0	0	0	0	0	0	0	0	0	0	0	0
0.417	0.1229813571072	0.454	-0.785398163397448	0	0	0	0.59388432768	0	0	0	0	9.81	0.3	0.3	0.3	0.3	0.3	0.3	0.3	0.3	0.3	0.3	0.3	0.3	0.3	0.3	0.3	0.3	0	0	0	0	0	0	0	0	0	0	0	0	0	0	0	0
0.417	0.128904351645597	0.454	-0.785398163397448	0	0	0	0.590690045657088	0	0	0	0	9.81	0.3	0.3	0.3	0.3	0.3	0.3	0.3	0.3	0.3	0.3	0.3	0.3	0.3	0.3	0.3	0.3	0	0	0	0	0	0	0	0	0	0	0	0	0	0	0	0
0.417	0.134794669465117	0.454	-0.785398163397448	0	0	0	0.587349199116288	0	0	0	0	9.81	0.3	0.3	0.3	0.3	0.3	0.3	0.3	0.3	0.3	0.3	0.3	0.3	0.3	0.3	0.3	0.3	0	0	0	0	0	0	0	0	0	0	0	0	0	0	0	0
0.417	0.140650851479421	0.454	-0.785398163397448	0	0	0	0.583863110074368	0	0	0	0	9.81	0.3	0.3	0.3	0.3	0.3	0.3	0.3	0.3	0.3	0.3	0.3	0.3	0.3	0.3	0.3	0.3	0	0	0	0	0	0	0	0	0	0	0	0	0	0	0	0
0.417	0.146471452129788	0.454	-0.785398163397448	0	0	0	0.580233162037247	0	0	0	0	9.81	0.3	0.3	0.3	0.3	0.3	0.3	0.3	0.3	0.3	0.3	0.3	0.3	0.3	0.3	0.3	0.3	0	0	0	0	0	0	0	0	0	0	0	0	0	0	0	0
0.417	0.15225504	0.454	-0.785398163397448	0	0	0	0.576460799999999	0	0	0	0	9.81	0.3	0.3	0.3	0.3	0.3	0.3	0.3	0.3	0.3	0.3	0.3	0.3	0.3	0.3	0.3	0.3	0	0	0	0	0	0	0	0	0	0	0	0	0	0	0	0
0.417	0.158000198431236	0.454	-0.785398163397448	0	0	0	0.572547530446847	0	0	0	0	9.81	0.3	0.3	0.3	0.3	0.3	0.3	0.3	0.3	0.3	0.3	0.3	0.3	0.3	0.3	0.3	0.3	0	0	0	0	0	0	0	0	0	0	0	0	0	0	0	0
0.417	0.163705526136963	0.454	-0.785398163397448	0	0	0	0.568494921351168	0	0	0	0	9.81	0.3	0.3	0.3	0.3	0.3	0.3	0.3	0.3	0.3	0.3	0.3	0.3	0.3	0.3	0.3	0.3	0	0	0	0	0	0	0	0	0	0	0	0	0	0	0	0
0.417	0.169369637817827	0.454	-0.785398163397448	0	0	0	0.564304602175488	0	0	0	0	9.81	0.3	0.3	0.3	0.3	0.3	0.3	0.3	0.3	0.3	0.3	0.3	0.3	0.3	0.3	0.3	0.3	0	0	0	0	0	0	0	0	0	0	0	0	0	0	0	0
0.417	0.174991164776546	0.454	-0.785398163397448	0	0	0	0.559978263871488	0	0	0	0	9.81	0.3	0.3	0.3	0.3	0.3	0.3	0.3	0.3	0.3	0.3	0.3	0.3	0.3	0.3	0.3	0.3	0	0	0	0	0	0	0	0	0	0	0	0	0	0	0	0
0.417	0.1805687555328	0.454	-0.785398163397448	0	0	0	0.55551765888	0	0	0	0	9.81	0.3	0.3	0.3	0.3	0.3	0.3	0.3	0.3	0.3	0.3	0.3	0.3	0.3	0.3	0.3	0.3	0	0	0	0	0	0	0	0	0	0	0	0	0	0	0	0
0.417	0.186101076438123	0.454	-0.785398163397448	0	0	0	0.550924601131008	0	0	0	0	9.81	0.3	0.3	0.3	0.3	0.3	0.3	0.3	0.3	0.3	0.3	0.3	0.3	0.3	0.3	0.3	0.3	0	0	0	0	0	0	0	0	0	0	0	0	0	0	0	0
0.417	0.191586812290793	0.454	-0.785398163397448	0	0	0	0.546200966043647	0	0	0	0	9.81	0.3	0.3	0.3	0.3	0.3	0.3	0.3	0.3	0.3	0.3	0.3	0.3	0.3	0.3	0.3	0.3	0	0	0	0	0	0	0	0	0	0	0	0	0	0	0	0
0.417	0.19702466695073	0.454	-0.785398163397448	0	0	0	0.541348690526208	0	0	0	0	9.81	0.3	0.3	0.3	0.3	0.3	0.3	0.3	0.3	0.3	0.3	0.3	0.3	0.3	0.3	0.3	0.3	0	0	0	0	0	0	0	0	0	0	0	0	0	0	0	0
0.417	0.202413363954377	0.454	-0.785398163397448	0	0	0	0.536369772976128	0	0	0	0	9.81	0.3	0.3	0.3	0.3	0.3	0.3	0.3	0.3	0.3	0.3	0.3	0.3	0.3	0.3	0.3	0.3	0	0	0	0	0	0	0	0	0	0	0	0	0	0	0	0
0.417	0.2077516471296	0.454	-0.785398163397448	0	0	0	0.531266273279999	0	0	0	0	9.81	0.3	0.3	0.3	0.3	0.3	0.3	0.3	0.3	0.3	0.3	0.3	0.3	0.3	0.3	0.3	0.3	0	0	0	0	0	0	0	0	0	0	0	0	0	0	0	0
0.417	0.213038281210577	0.454	-0.785398163397448	0	0	0	0.526040312813568	0	0	0	0	9.81	0.3	0.3	0.3	0.3	0.3	0.3	0.3	0.3	0.3	0.3	0.3	0.3	0.3	0.3	0.3	0.3	0	0	0	0	0	0	0	0	0	0	0	0	0	0	0	0
0.417	0.218272052452688	0.454	-0.785398163397448	0	0	0	0.520694074441727	0	0	0	0	9.81	0.3	0.3	0.3	0.3	0.3	0.3	0.3	0.3	0.3	0.3	0.3	0.3	0.3	0.3	0.3	0.3	0	0	0	0	0	0	0	0	0	0	0	0	0	0	0	0
0.417	0.223451769247408	0.454	-0.785398163397448	0	0	0	0.515229802518527	0	0	0	0	9.81	0.3	0.3	0.3	0.3	0.3	0.3	0.3	0.3	0.3	0.3	0.3	0.3	0.3	0.3	0.3	0.3	0	0	0	0	0	0	0	0	0	0	0	0	0	0	0	0
0.417	0.228576262737199	0.454	-0.785398163397448	0	0	0	0.509649802887168	0	0	0	0	9.81	0.3	0.3	0.3	0.3	0.3	0.3	0.3	0.3	0.3	0.3	0.3	0.3	0.3	0.3	0.3	0.3	0	0	0	0	0	0	0	0	0	0	0	0	0	0	0	0
0.417	0.2336443874304	0.454	-0.785398163397448	0	0	0	0.503956442879999	0	0	0	0	9.81	0.3	0.3	0.3	0.3	0.3	0.3	0.3	0.3	0.3	0.3	0.3	0.3	0.3	0.3	0.3	0.3	0	0	0	0	0	0	0	0	0	0	0	0	0	0	0	0
0.417	0.238655021816119	0.454	-0.785398163397448	0	0	0	0.498152151318527	0	0	0	0	9.81	0.3	0.3	0.3	0.3	0.3	0.3	0.3	0.3	0.3	0.3	0.3	0.3	0.3	0.3	0.3	0.3	0	0	0	0	0	0	0	0	0	0	0	0	0	0	0	0
0.417	0.243607068979126	0.454	-0.785398163397448	0	0	0	0.492239418513407	0	0	0	0	9.81	0.3	0.3	0.3	0.3	0.3	0.3	0.3	0.3	0.3	0.3	0.3	0.3	0.3	0.3	0.3	0.3	0	0	0	0	0	0	0	0	0	0	0	0	0	0	0	0
0.417	0.248499457214742	0.454	-0.785398163397448	0	0	0	0.486220796264448	0	0	0	0	9.81	0.3	0.3	0.3	0.3	0.3	0.3	0.3	0.3	0.3	0.3	0.3	0.3	0.3	0.3	0.3	0.3	0	0	0	0	0	0	0	0	0	0	0	0	0	0	0	0
0.417	0.253331140643733	0.454	-0.785398163397448	0	0	0	0.480098897860608	0	0	0	0	9.81	0.3	0.3	0.3	0.3	0.3	0.3	0.3	0.3	0.3	0.3	0.3	0.3	0.3	0.3	0.3	0.3	0	0	0	0	0	0	0	0	0	0	0	0	0	0	0	0
0.417	0.2581010998272	0.454	-0.785398163397448	0	0	0	0.47387639808	0	0	0	0	9.81	0.3	0.3	0.3	0.3	0.3	0.3	0.3	0.3	0.3	0.3	0.3	0.3	0.3	0.3	0.3	0.3	0	0	0	0	0	0	0	0	0	0	0	0	0	0	0	0
0.417	0.26280834238147	0.454	-0.785398163397448	0	0	0	0.467556033189887	0	0	0	0	9.81	0.3	0.3	0.3	0.3	0.3	0.3	0.3	0.3	0.3	0.3	0.3	0.3	0.3	0.3	0.3	0.3	0	0	0	0	0	0	0	0	0	0	0	0	0	0	0	0
0.417	0.267451903592989	0.454	-0.785398163397448	0	0	0	0.461140600946688	0	0	0	0	9.81	0.3	0.3	0.3	0.3	0.3	0.3	0.3	0.3	0.3	0.3	0.3	0.3	0.3	0.3	0.3	0.3	0	0	0	0	0	0	0	0	0	0	0	0	0	0	0	0
0.417	0.272030847033213	0.454	-0.785398163397448	0	0	0	0.454632960595967	0	0	0	0	9.81	0.3	0.3	0.3	0.3	0.3	0.3	0.3	0.3	0.3	0.3	0.3	0.3	0.3	0.3	0.3	0.3	0	0	0	0	0	0	0	0	0	0	0	0	0	0	0	0
0.417	0.2765442651735	0.454	-0.785398163397448	0	0	0	0.448036032872447	0	0	0	0	9.81	0.3	0.3	0.3	0.3	0.3	0.3	0.3	0.3	0.3	0.3	0.3	0.3	0.3	0.3	0.3	0.3	0	0	0	0	0	0	0	0	0	0	0	0	0	0	0	0
0.417	0.28099128	0.454	-0.785398163397448	0	0	0	0.4413528	0	0	0	0	9.81	0.3	0.3	0.3	0.3	0.3	0.3	0.3	0.3	0.3	0.3	0.3	0.3	0.3	0.3	0.3	0.3	0	0	0	0	0	0	0	0	0	0	0	0	0	0	0	0
0.417	0.285371043628548	0.454	-0.785398163397448	0	0	0	0.434586305691647	0	0	0	0	9.81	0.3	0.3	0.3	0.3	0.3	0.3	0.3	0.3	0.3	0.3	0.3	0.3	0.3	0.3	0.3	0.3	0	0	0	0	0	0	0	0	0	0	0	0	0	0	0	0
0.417	0.289682738919555	0.454	-0.785398163397448	0	0	0	0.427739655149568	0	0	0	0	9.81	0.3	0.3	0.3	0.3	0.3	0.3	0.3	0.3	0.3	0.3	0.3	0.3	0.3	0.3	0.3	0.3	0	0	0	0	0	0	0	0	0	0	0	0	0	0	0	0
0.417	0.293925580092899	0.454	-0.785398163397448	0	0	0	0.420816015065087	0	0	0	0	9.81	0.3	0.3	0.3	0.3	0.3	0.3	0.3	0.3	0.3	0.3	0.3	0.3	0.3	0.3	0.3	0.3	0	0	0	0	0	0	0	0	0	0	0	0	0	0	0	0
0.417	0.298098813342818	0.454	-0.785398163397448	0	0	0	0.413818613618687	0	0	0	0	9.81	0.3	0.3	0.3	0.3	0.3	0.3	0.3	0.3	0.3	0.3	0.3	0.3	0.3	0.3	0.3	0.3	0	0	0	0	0	0	0	0	0	0	0	0	0	0	0	0
0.417	0.3022017174528	0.454	-0.785398163397448	0	0	0	0.406750740479999	0	0	0	0	9.81	0.3	0.3	0.3	0.3	0.3	0.3	0.3	0.3	0.3	0.3	0.3	0.3	0.3	0.3	0.3	0.3	0	0	0	0	0	0	0	0	0	0	0	0	0	0	0	0
0.417	0.306233604410474	0.454	-0.785398163397448	0	0	0	0.399615746807807	0	0	0	0	9.81	0.3	0.3	0.3	0.3	0.3	0.3	0.3	0.3	0.3	0.3	0.3	0.3	0.3	0.3	0.3	0.3	0	0	0	0	0	0	0	0	0	0	0	0	0	0	0	0
0.417	0.310193820022506	0.454	-0.785398163397448	0	0	0	0.392417045250048	0	0	0	0	9.81	0.3	0.3	0.3	0.3	0.3	0.3	0.3	0.3	0.3	0.3	0.3	0.3	0.3	0.3	0.3	0.3	0	0	0	0	0	0	0	0	0	0	0	0	0	0	0	0
0.417	0.314081744529482	0.454	-0.785398163397448	0	0	0	0.385158109943808	0	0	0	0	9.81	0.3	0.3	0.3	0.3	0.3	0.3	0.3	0.3	0.3	0.3	0.3	0.3	0.3	0.3	0.3	0.3	0	0	0	0	0	0	0	0	0	0	0	0	0	0	0	0
0.417	0.317896793220808	0.454	-0.785398163397448	0	0	0	0.377842476515327	0	0	0	0	9.81	0.3	0.3	0.3	0.3	0.3	0.3	0.3	0.3	0.3	0.3	0.3	0.3	0.3	0.3	0.3	0.3	0	0	0	0	0	0	0	0	0	0	0	0	0	0	0	0
0.417	0.3216384170496	0.454	-0.785398163397448	0	0	0	0.370473742079999	0	0	0	0	9.81	0.3	0.3	0.3	0.3	0.3	0.3	0.3	0.3	0.3	0.3	0.3	0.3	0.3	0.3	0.3	0.3	0	0	0	0	0	0	0	0	0	0	0	0	0	0	0	0
0.417	0.325306103247569	0.454	-0.785398163397448	0	0	0	0.363055565242368	0	0	0	0	9.81	0.3	0.3	0.3	0.3	0.3	0.3	0.3	0.3	0.3	0.3	0.3	0.3	0.3	0.3	0.3	0.3	0	0	0	0	0	0	0	0	0	0	0	0	0	0	0	0
0.417	0.32889937593992	0.454	-0.785398163397448	0	0	0	0.355591666096127	0	0	0	0	9.81	0.3	0.3	0.3	0.3	0.3	0.3	0.3	0.3	0.3	0.3	0.3	0.3	0.3	0.3	0.3	0.3	0	0	0	0	0	0	0	0	0	0	0	0	0	0	0	0
0.417	0.33241779676024	0.454	-0.785398163397448	0	0	0	0.348085826224128	0	0	0	0	9.81	0.3	0.3	0.3	0.3	0.3	0.3	0.3	0.3	0.3	0.3	0.3	0.3	0.3	0.3	0.3	0.3	0	0	0	0	0	0	0	0	0	0	0	0	0	0	0	0
0.417	0.335860965465391	0.454	-0.785398163397448	0	0	0	0.340541888698367	0	0	0	0	9.81	0.3	0.3	0.3	0.3	0.3	0.3	0.3	0.3	0.3	0.3	0.3	0.3	0.3	0.3	0.3	0.3	0	0	0	0	0	0	0	0	0	0	0	0	0	0	0	0
0.417	0.3392285205504	0.454	-0.785398163397448	0	0	0	0.332963758079999	0	0	0	0	9.81	0.3	0.3	0.3	0.3	0.3	0.3	0.3	0.3	0.3	0.3	0.3	0.3	0.3	0.3	0.3	0.3	0	0	0	0	0	0	0	0	0	0	0	0	0	0	0	0
0.417	0.342520139863351	0.454	-0.785398163397448	0	0	0	0.325355400419327	0	0	0	0	9.81	0.3	0.3	0.3	0.3	0.3	0.3	0.3	0.3	0.3	0.3	0.3	0.3	0.3	0.3	0.3	0.3	0	0	0	0	0	0	0	0	0	0	0	0	0	0	0	0
0.417	0.345735541220278	0.454	-0.785398163397448	0	0	0	0.317720843255807	0	0	0	0	9.81	0.3	0.3	0.3	0.3	0.3	0.3	0.3	0.3	0.3	0.3	0.3	0.3	0.3	0.3	0.3	0.3	0	0	0	0	0	0	0	0	0	0	0	0	0	0	0	0
0.417	0.348874483020054	0.454	-0.785398163397448	0	0	0	0.310064175618048	0	0	0	0	9.81	0.3	0.3	0.3	0.3	0.3	0.3	0.3	0.3	0.3	0.3	0.3	0.3	0.3	0.3	0.3	0.3	0	0	0	0	0	0	0	0	0	0	0	0	0	0	0	0
0.417	0.351936764859286	0.454	-0.785398163397448	0	0	0	0.302389548023808	0	0	0	0	9.81	0.3	0.3	0.3	0.3	0.3	0.3	0.3	0.3	0.3	0.3	0.3	0.3	0.3	0.3	0.3	0.3	0	0	0	0	0	0	0	0	0	0	0	0	0	0	0	0
0.417	0.3549222281472	0.454	-0.785398163397448	0	0	0	0.294701172479999	0	0	0	0	9.81	0.3	0.3	0.3	0.3	0.3	0.3	0.3	0.3	0.3	0.3	0.3	0.3	0.3	0.3	0.3	0.3	0	0	0	0	0	0	0	0	0	0	0	0	0	0	0	0
0.417	0.357830756720542	0.454	-0.785398163397448	0	0	0	0.287003322482687	0	0	0	0	9.81	0.3	0.3	0.3	0.3	0.3	0.3	0.3	0.3	0.3	0.3	0.3	0.3	0.3	0.3	0.3	0.3	0	0	0	0	0	0	0	0	0	0	0	0	0	0	0	0
0.417	0.360662277458461	0.454	-0.785398163397448	0	0	0	0.279300333017087	0	0	0	0	9.81	0.3	0.3	0.3	0.3	0.3	0.3	0.3	0.3	0.3	0.3	0.3	0.3	0.3	0.3	0.3	0.3	0	0	0	0	0	0	0	0	0	0	0	0	0	0	0	0
0.417	0.363416760897404	0.454	-0.785398163397448	0	0	0	0.271596600557567	0	0	0	0	9.81	0.3	0.3	0.3	0.3	0.3	0.3	0.3	0.3	0.3	0.3	0.3	0.3	0.3	0.3	0.3	0.3	0	0	0	0	0	0	0	0	0	0	0	0	0	0	0	0
0.417	0.366094221846012	0.454	-0.785398163397448	0	0	0	0.263896583067647	0	0	0	0	9.81	0.3	0.3	0.3	0.3	0.3	0.3	0.3	0.3	0.3	0.3	0.3	0.3	0.3	0.3	0.3	0.3	0	0	0	0	0	0	0	0	0	0	0	0	0	0	0	0
0.417	0.36869472	0.454	-0.785398163397448	0	0	0	0.256204799999999	0	0	0	0	9.81	0.3	0.3	0.3	0.3	0.3	0.3	0.3	0.3	0.3	0.3	0.3	0.3	0.3	0.3	0.3	0.3	0	0	0	0	0	0	0	0	0	0	0	0	0	0	0	0
0.417	0.37121836055706	0.454	-0.785398163397448	0	0	0	0.248525832296447	0	0	0	0	9.81	0.3	0.3	0.3	0.3	0.3	0.3	0.3	0.3	0.3	0.3	0.3	0.3	0.3	0.3	0.3	0.3	0	0	0	0	0	0	0	0	0	0	0	0	0	0	0	0
0.417	0.373665294831747	0.454	-0.785398163397448	0	0	0	0.240864322387967	0	0	0	0	9.81	0.3	0.3	0.3	0.3	0.3	0.3	0.3	0.3	0.3	0.3	0.3	0.3	0.3	0.3	0.3	0.3	0	0	0	0	0	0	0	0	0	0	0	0	0	0	0	0
0.417	0.376035720870372	0.454	-0.785398163397448	0	0	0	0.233224974194687	0	0	0	0	9.81	0.3	0.3	0.3	0.3	0.3	0.3	0.3	0.3	0.3	0.3	0.3	0.3	0.3	0.3	0.3	0.3	0	0	0	0	0	0	0	0	0	0	0	0	0	0	0	0
0.417	0.37832988406589	0.454	-0.785398163397448	0	0	0	0.225612553125887	0	0	0	0	9.81	0.3	0.3	0.3	0.3	0.3	0.3	0.3	0.3	0.3	0.3	0.3	0.3	0.3	0.3	0.3	0.3	0	0	0	0	0	0	0	0	0	0	0	0	0	0	0	0
0.417	0.380548077772799	0.454	-0.785398163397448	0	0	0	0.218031886079999	0	0	0	0	9.81	0.3	0.3	0.3	0.3	0.3	0.3	0.3	0.3	0.3	0.3	0.3	0.3	0.3	0.3	0.3	0.3	0	0	0	0	0	0	0	0	0	0	0	0	0	0	0	0
0.417	0.382690643922026	0.454	-0.785398163397448	0	0	0	0.210487861444607	0	0	0	0	9.81	0.3	0.3	0.3	0.3	0.3	0.3	0.3	0.3	0.3	0.3	0.3	0.3	0.3	0.3	0.3	0.3	0	0	0	0	0	0	0	0	0	0	0	0	0	0	0	0
0.417	0.384757973635817	0.454	-0.785398163397448	0	0	0	0.202985429096447	0	0	0	0	9.81	0.3	0.3	0.3	0.3	0.3	0.3	0.3	0.3	0.3	0.3	0.3	0.3	0.3	0.3	0.3	0.3	0	0	0	0	0	0	0	0	0	0	0	0	0	0	0	0
0.417	0.386750507842634	0.454	-0.785398163397448	0	0	0	0.195529600401407	0	0	0	0	9.81	0.3	0.3	0.3	0.3	0.3	0.3	0.3	0.3	0.3	0.3	0.3	0.3	0.3	0.3	0.3	0.3	0	0	0	0	0	0	0	0	0	0	0	0	0	0	0	0
0.417	0.388668737892041	0.454	-0.785398163397448	0	0	0	0.188125448214528	0	0	0	0	9.81	0.3	0.3	0.3	0.3	0.3	0.3	0.3	0.3	0.3	0.3	0.3	0.3	0.3	0.3	0.3	0.3	0	0	0	0	0	0	0	0	0	0	0	0	0	0	0	0
0.417	0.3905132061696	0.454	-0.785398163397448	0	0	0	0.180778106879999	0	0	0	0	9.81	0.3	0.3	0.3	0.3	0.3	0.3	0.3	0.3	0.3	0.3	0.3	0.3	0.3	0.3	0.3	0.3	0	0	0	0	0	0	0	0	0	0	0	0	0	0	0	0
0.417	0.39228450671176	0.454	-0.785398163397448	0	0	0	0.173492772231167	0	0	0	0	9.81	0.3	0.3	0.3	0.3	0.3	0.3	0.3	0.3	0.3	0.3	0.3	0.3	0.3	0.3	0.3	0.3	0	0	0	0	0	0	0	0	0	0	0	0	0	0	0	0
0.417	0.393983285820752	0.454	-0.785398163397448	0	0	0	0.166274701590527	0	0	0	0	9.81	0.3	0.3	0.3	0.3	0.3	0.3	0.3	0.3	0.3	0.3	0.3	0.3	0.3	0.3	0.3	0.3	0	0	0	0	0	0	0	0	0	0	0	0	0	0	0	0
0.417	0.395610242679471	0.454	-0.785398163397448	0	0	0	0.159129213769727	0	0	0	0	9.81	0.3	0.3	0.3	0.3	0.3	0.3	0.3	0.3	0.3	0.3	0.3	0.3	0.3	0.3	0.3	0.3	0	0	0	0	0	0	0	0	0	0	0	0	0	0	0	0
0.417	0.397166129966382	0.454	-0.785398163397448	0	0	0	0.152061689069567	0	0	0	0	9.81	0.3	0.3	0.3	0.3	0.3	0.3	0.3	0.3	0.3	0.3	0.3	0.3	0.3	0.3	0.3	0.3	0	0	0	0	0	0	0	0	0	0	0	0	0	0	0	0
0.417	0.3986517544704	0.454	-0.785398163397448	0	0	0	0.14507756928	0	0	0	0	9.81	0.3	0.3	0.3	0.3	0.3	0.3	0.3	0.3	0.3	0.3	0.3	0.3	0.3	0.3	0.3	0.3	0	0	0	0	0	0	0	0	0	0	0	0	0	0	0	0
0.417	0.400067977705783	0.454	-0.785398163397448	0	0	0	0.138182357680127	0	0	0	0	9.81	0.3	0.3	0.3	0.3	0.3	0.3	0.3	0.3	0.3	0.3	0.3	0.3	0.3	0.3	0.3	0.3	0	0	0	0	0	0	0	0	0	0	0	0	0	0	0	0
0.417	0.401415716527031	0.454	-0.785398163397448	0	0	0	0.131381619038206	0	0	0	0	9.81	0.3	0.3	0.3	0.3	0.3	0.3	0.3	0.3	0.3	0.3	0.3	0.3	0.3	0.3	0.3	0.3	0	0	0	0	0	0	0	0	0	0	0	0	0	0	0	0
0.417	0.402695943743767	0.454	-0.785398163397448	0	0	0	0.124680979611647	0	0	0	0	9.81	0.3	0.3	0.3	0.3	0.3	0.3	0.3	0.3	0.3	0.3	0.3	0.3	0.3	0.3	0.3	0.3	0	0	0	0	0	0	0	0	0	0	0	0	0	0	0	0
0.417	0.403909688735638	0.454	-0.785398163397448	0	0	0	0.118086127147007	0	0	0	0	9.81	0.3	0.3	0.3	0.3	0.3	0.3	0.3	0.3	0.3	0.3	0.3	0.3	0.3	0.3	0.3	0.3	0	0	0	0	0	0	0	0	0	0	0	0	0	0	0	0
0.417	0.4050580380672	0.454	-0.785398163397448	0	0	0	0.111602810879999	0	0	0	0	9.81	0.3	0.3	0.3	0.3	0.3	0.3	0.3	0.3	0.3	0.3	0.3	0.3	0.3	0.3	0.3	0.3	0	0	0	0	0	0	0	0	0	0	0	0	0	0	0	0
0.417	0.406142136102814	0.454	-0.785398163397448	0	0	0	0.105236841535487	0	0	0	0	9.81	0.3	0.3	0.3	0.3	0.3	0.3	0.3	0.3	0.3	0.3	0.3	0.3	0.3	0.3	0.3	0.3	0	0	0	0	0	0	0	0	0	0	0	0	0	0	0	0
0.417	0.407163185621533	0.454	-0.785398163397448	0	0	0	0.0989940913274869	0	0	0	0	9.81	0.3	0.3	0.3	0.3	0.3	0.3	0.3	0.3	0.3	0.3	0.3	0.3	0.3	0.3	0.3	0.3	0	0	0	0	0	0	0	0	0	0	0	0	0	0	0	0
0.417	0.408122448431996	0.454	-0.785398163397448	0	0	0	0.0928804939591662	0	0	0	0	9.81	0.3	0.3	0.3	0.3	0.3	0.3	0.3	0.3	0.3	0.3	0.3	0.3	0.3	0.3	0.3	0.3	0	0	0	0	0	0	0	0	0	0	0	0	0	0	0	0
0.417	0.409021245987324	0.454	-0.785398163397448	0	0	0	0.0869020446228467	0	0	0	0	9.81	0.3	0.3	0.3	0.3	0.3	0.3	0.3	0.3	0.3	0.3	0.3	0.3	0.3	0.3	0.3	0.3	0	0	0	0	0	0	0	0	0	0	0	0	0	0	0	0
0.417	0.409860959999999	0.454	-0.785398163397448	0	0	0	0.0810647999999986	0	0	0	0	9.81	0.3	0.3	0.3	0.3	0.3	0.3	0.3	0.3	0.3	0.3	0.3	0.3	0.3	0.3	0.3	0.3	0	0	0	0	0	0	0	0	0	0	0	0	0	0	0	0
0.417	0.410643033056771	0.454	-0.785398163397448	0	0	0	0.0753748782612468	0	0	0	0	9.81	0.3	0.3	0.3	0.3	0.3	0.3	0.3	0.3	0.3	0.3	0.3	0.3	0.3	0.3	0.3	0.3	0	0	0	0	0	0	0	0	0	0	0	0	0	0	0	0
0.417	0.411368969233539	0.454	-0.785398163397448	0	0	0	0.0698384590663674	0	0	0	0	9.81	0.3	0.3	0.3	0.3	0.3	0.3	0.3	0.3	0.3	0.3	0.3	0.3	0.3	0.3	0.3	0.3	0	0	0	0	0	0	0	0	0	0	0	0	0	0	0	0
0.417	0.412040334710243	0.454	-0.785398163397448	0	0	0	0.0644617835642873	0	0	0	0	9.81	0.3	0.3	0.3	0.3	0.3	0.3	0.3	0.3	0.3	0.3	0.3	0.3	0.3	0.3	0.3	0.3	0	0	0	0	0	0	0	0	0	0	0	0	0	0	0	0
0.417	0.412658758385761	0.454	-0.785398163397448	0	0	0	0.0592511543930877	0	0	0	0	9.81	0.3	0.3	0.3	0.3	0.3	0.3	0.3	0.3	0.3	0.3	0.3	0.3	0.3	0.3	0.3	0.3	0	0	0	0	0	0	0	0	0	0	0	0	0	0	0	0
0.417	0.413225932492799	0.454	-0.785398163397448	0	0	0	0.0542129356799984	0	0	0	0	9.81	0.3	0.3	0.3	0.3	0.3	0.3	0.3	0.3	0.3	0.3	0.3	0.3	0.3	0.3	0.3	0.3	0	0	0	0	0	0	0	0	0	0	0	0	0	0	0	0
0.417	0.413743613212778	0.454	-0.785398163397448	0	0	0	0.0493535530414064	0	0	0	0	9.81	0.3	0.3	0.3	0.3	0.3	0.3	0.3	0.3	0.3	0.3	0.3	0.3	0.3	0.3	0.3	0.3	0	0	0	0	0	0	0	0	0	0	0	0	0	0	0	0
0.417	0.414213621290729	0.454	-0.785398163397448	0	0	0	0.0446794935828468	0	0	0	0	9.81	0.3	0.3	0.3	0.3	0.3	0.3	0.3	0.3	0.3	0.3	0.3	0.3	0.3	0.3	0.3	0.3	0	0	0	0	0	0	0	0	0	0	0	0	0	0	0	0
0.417	0.414637842650184	0.454	-0.785398163397448	0	0	0	0.0401973058990065	0	0	0	0	9.81	0.3	0.3	0.3	0.3	0.3	0.3	0.3	0.3	0.3	0.3	0.3	0.3	0.3	0.3	0.3	0.3	0	0	0	0	0	0	0	0	0	0	0	0	0	0	0	0
0.417	0.415018229008072	0.454	-0.785398163397448	0	0	0	0.0359136000737266	0	0	0	0	9.81	0.3	0.3	0.3	0.3	0.3	0.3	0.3	0.3	0.3	0.3	0.3	0.3	0.3	0.3	0.3	0.3	0	0	0	0	0	0	0	0	0	0	0	0	0	0	0	0
0.417	0.415356798489599	0.454	-0.785398163397448	0	0	0	0.0318350476799991	0	0	0	0	9.81	0.3	0.3	0.3	0.3	0.3	0.3	0.3	0.3	0.3	0.3	0.3	0.3	0.3	0.3	0.3	0.3	0	0	0	0	0	0	0	0	0	0	0	0	0	0	0	0
0.417	0.415655636243152	0.454	-0.785398163397448	0	0	0	0.0279683817799659	0	0	0	0	9.81	0.3	0.3	0.3	0.3	0.3	0.3	0.3	0.3	0.3	0.3	0.3	0.3	0.3	0.3	0.3	0.3	0	0	0	0	0	0	0	0	0	0	0	0	0	0	0	0
0.417	0.415916895055184	0.454	-0.785398163397448	0	0	0	0.0243203969249261	0	0	0	0	9.81	0.3	0.3	0.3	0.3	0.3	0.3	0.3	0.3	0.3	0.3	0.3	0.3	0.3	0.3	0.3	0.3	0	0	0	0	0	0	0	0	0	0	0	0	0	0	0	0
0.417	0.416142795965104	0.454	-0.785398163397448	0	0	0	0.0208979491553266	0	0	0	0	9.81	0.3	0.3	0.3	0.3	0.3	0.3	0.3	0.3	0.3	0.3	0.3	0.3	0.3	0.3	0.3	0.3	0	0	0	0	0	0	0	0	0	0	0	0	0	0	0	0
0.417	0.416335628880174	0.454	-0.785398163397448	0	0	0	0.0177079560007665	0	0	0	0	9.81	0.3	0.3	0.3	0.3	0.3	0.3	0.3	0.3	0.3	0.3	0.3	0.3	0.3	0.3	0.3	0.3	0	0	0	0	0	0	0	0	0	0	0	0	0	0	0	0
0.417	0.4164977531904	0.454	-0.785398163397448	0	0	0	0.0147573964799988	0	0	0	0	9.81	0.3	0.3	0.3	0.3	0.3	0.3	0.3	0.3	0.3	0.3	0.3	0.3	0.3	0.3	0.3	0.3	0	0	0	0	0	0	0	0	0	0	0	0	0	0	0	0
0.417	0.416631598383415	0.454	-0.785398163397448	0	0	0	0.0120533111009263	0	0	0	0	9.81	0.3	0.3	0.3	0.3	0.3	0.3	0.3	0.3	0.3	0.3	0.3	0.3	0.3	0.3	0.3	0.3	0	0	0	0	0	0	0	0	0	0	0	0	0	0	0	0
0.417	0.416739664659382	0.454	-0.785398163397448	0	0	0	0.00960280186060628	0	0	0	0	9.81	0.3	0.3	0.3	0.3	0.3	0.3	0.3	0.3	0.3	0.3	0.3	0.3	0.3	0.3	0.3	0.3	0	0	0	0	0	0	0	0	0	0	0	0	0	0	0	0
0.417	0.416824523545878	0.454	-0.785398163397448	0	0	0	0.00741303224524553	0	0	0	0	9.81	0.3	0.3	0.3	0.3	0.3	0.3	0.3	0.3	0.3	0.3	0.3	0.3	0.3	0.3	0.3	0.3	0	0	0	0	0	0	0	0	0	0	0	0	0	0	0	0
0.417	0.416888818512789	0.454	-0.785398163397448	0	0	0	0.00549122723020626	0	0	0	0	9.81	0.3	0.3	0.3	0.3	0.3	0.3	0.3	0.3	0.3	0.3	0.3	0.3	0.3	0.3	0.3	0.3	0	0	0	0	0	0	0	0	0	0	0	0	0	0	0	0
0.417	0.4169352655872	0.454	-0.785398163397448	0	0	0	0.00384467327999829	0	0	0	0	9.81	0.3	0.3	0.3	0.3	0.3	0.3	0.3	0.3	0.3	0.3	0.3	0.3	0.3	0.3	0.3	0.3	0	0	0	0	0	0	0	0	0	0	0	0	0	0	0	0
0.417	0.416966653968284	0.454	-0.785398163397448	0	0	0	0.00248071834828672	0	0	0	0	9.81	0.3	0.3	0.3	0.3	0.3	0.3	0.3	0.3	0.3	0.3	0.3	0.3	0.3	0.3	0.3	0.3	0	0	0	0	0	0	0	0	0	0	0	0	0	0	0	0
0.417	0.416985846642204	0.454	-0.785398163397448	0	0	0	0.00140677187788642	0	0	0	0	9.81	0.3	0.3	0.3	0.3	0.3	0.3	0.3	0.3	0.3	0.3	0.3	0.3	0.3	0.3	0.3	0.3	0	0	0	0	0	0	0	0	0	0	0	0	0	0	0	0
0.417	0.416995780996989	0.454	-0.785398163397448	0	0	0	0.000630304800766535	0	0	0	0	9.81	0.3	0.3	0.3	0.3	0.3	0.3	0.3	0.3	0.3	0.3	0.3	0.3	0.3	0.3	0.3	0.3	0	0	0	0	0	0	0	0	0	0	0	0	0	0	0	0
0.417	0.416999469437435	0.454	-0.785398163397448	0	0	0	0.000158849538047057	0	0	0	0	9.81	0.3	0.3	0.3	0.3	0.3	0.3	0.3	0.3	0.3	0.3	0.3	0.3	0.3	0.3	0.3	0.3	0	0	0	0	0	0	0	0	0	0	0	0	0	0	0	0
0.417	0.416999999999999	0.454	-0.785398163397448	0	0	-0	-2.31481500634345e-15	-0	0	0	0	9.81	0.3	0.3	0.3	0.3	0.3	0.3	0.3	0.3	0.3	0.3	0.3	0.3	0.3	0.3	0.3	0.3	0	0	0	0	0	0	0	0	0	0	0	0	0	0	0	0
